              precision    recall  f1-score   support

       again       0.00      0.00      0.00         1
         bad       0.50      1.00      0.67         1
         dad       0.00      0.00      0.00         1
       drink       0.00      0.00      0.00         1
         eat       1.00      1.00      1.00         1
      family       0.50      1.00      0.67         1
      finish       0.00      0.00      0.00         1
      friend       0.00      0.00      0.00         1
        good       0.00      0.00      0.00         1
       happy       0.00      0.00      0.00         1
       hello       0.50      1.00      0.67         1
        help       0.00      0.00      0.00         1
        home       1.00      1.00      1.00         1
      hungry       1.00      1.00      1.00         1
        know       1.00      1.00      1.00         1
       learn       0.00      0.00      0.00         1
        like       0.50      1.00      0.67         1
        love       0.00      0.00      0.00         1
         mom       0.00      0.00      0.00         1
        more       0.00      0.00      0.00         1
          my       0.00      0.00      0.00         1
        name       1.00      1.00      1.00         1
        need       0.00      0.00      0.00         1
          no       0.00      0.00      0.00         1
      please       0.50      1.00      0.67         1
         sad       0.50      1.00      0.67         1
      school       0.50      1.00      0.67         1
        sick       1.00      1.00      1.00         1
       sorry       1.00      1.00      1.00         1
   thank you       1.00      1.00      1.00         1
       tired       0.00      0.00      0.00         1
  understand       1.00      1.00      1.00         1
        want       0.00      0.00      0.00         1
       water       0.00      0.00      0.00         1
        what       0.00      0.00      0.00         1
       where       0.33      1.00      0.50         1
         who       0.50      1.00      0.67         1
        work       0.00      0.00      0.00         1
         yes       0.50      1.00      0.67         1
         you       0.00      0.00      0.00         1

    accuracy                           0.47        40
   macro avg       0.35      0.47      0.39        40
weighted avg       0.35      0.47      0.39        40
